60
61
62
57
56
63
64
65
57
56
66
63
64
65
57
121
122
183
184
185
93
107
94
108
95
109
96
97
111
112
113
98
114
99
115
116
100
117
101
118
102
119
103
120
101
102
103
104
104
105
105
106
106
93
94
95
96
97
98
99
100
101
102
103
104
105
106
93
94
95
96
97
98
99
100
101
102
103
104
105
106
107
108
109
111
112
113
114
115
116
117
118
119
120
101
102
103
104
105
106
107
108
109
111
112
113
114
115
116
117
118
119
120
101
102
103
104
105
106
107
108
109
111
112
113
114
115
116
117
118
119
120
101
102
103
104
105
106
125
128
93
94
95
96
97
98
99
100
101
102
103
104
105
106
188
194
189
195
191
197
192
198
43
193
199
183
184
185
93
94
95
96
97
98
99
100
101
102
103
104
105
106
107
108
109
111
112
113
114
115
116
117
118
119
120
101
102
103
104
105
106
216
225
93
93
93
126
129
31
127
130
30
123
124
101
33
93
35
95
37
97
39
99
41
123
124
101
33
93
35
95
37
97
39
99
41
123
124
101
33
93
35
95
37
97
39
99
41
218
227
219
228
221
230
108
121
122
46
112
48
114
50
116
118
54
120
222
231
93
94
95
96
97
98
99
100
101
102
103
104
105
106
223
232
101
45
111
47
113
49
115
141
146
143
148
51
117
34
94
53
119
36
96
55
224
233
101
38
98
40
100
144
149
183
184
185
93
94
95
96
97
98
99
100
101
102
103
104
105
106
93
94
95
96
97
98
99
100
101
102
103
104
105
106
145
150
101
121
122
188
194
189
195
190
196
93
94
95
96
97
98
99
100
101
102
103
104
105
106
93
94
95
96
97
98
99
100
101
102
103
104
105
106
93
94
95
96
97
98
99
100
101
102
103
104
105
106
125
128
93
95
93
95
93
95
126
129
31
127
130
30
121
122
93
94
95
96
97
98
99
100
101
102
103
104
105
106
151
162
153
164
154
165
155
166
121
122
93
94
95
96
97
98
99
100
101
102
103
104
105
106
93
94
95
96
97
98
99
100
101
102
103
104
105
106
151
162
153
164
154
165
156
167
34
94
157
168
36
96
158
169
98
159
170
40
100
160
171
93
94
95
96
97
98
99
100
101
102
103
104
105
106
93
94
95
96
97
98
99
100
101
102
103
104
105
106
161
172
121
122
93
94
95
96
97
98
99
100
101
102
103
104
105
106
131
136
132
137
134
139
101
33
93
35
95
37
97
39
99
41
135
140
34
121
122
93
94
95
96
97
98
99
100
101
102
103
104
105
106
93
94
95
96
97
98
99
100
101
102
103
104
105
106
173
178
174
179
176
181
177
182
121
122
131
136
132
137
133
138
121
122
173
178
174
179
175
180
